[100,150]
(0,0)
(149,99) | (112,20)
(25,0,1,1)
(127,26,2,1)
(47,26,4,1)
(127,66,1,3)
(119,26,1,3)
(114,77,4,1)
(101,38,1,5)
(136,83,2,1)
(89,51,1,1)
(1,53,2,1)
(61,14,5,1)
(76,16,1,2)
(93,62,1,4)
(3,87,1,3)
(11,52,5,1)
(146,81,1,1)
(105,79,1,1)
(128,22,1,1)
(101,81,1,1)
(146,24,1,2)
(70,89,1,1)
(0,38,1,5)
(149,32,1,5)
(37,56,1,5)
(33,31,1,1)
(53,60,4,1)
(97,68,4,1)
(90,75,2,1)
(134,64,3,1)
(29,88,3,1)
(34,66,4,1)
(130,30,1,5)
(98,14,1,4)
(13,87,5,1)
(56,95,4,1)
(29,41,1,1)
(98,52,1,1)
(89,40,4,1)
(29,44,1,5)
(16,31,1,1)
(135,51,3,1)
(70,54,1,4)
(100,71,2,1)
(2,35,4,1)
(128,45,1,4)
(79,67,2,1)
(16,48,1,1)
(22,28,2,1)
(81,86,1,1)
(119,61,1,1)
(75,2,1,1)
(21,74,1,4)
(86,20,1,1)
(145,93,1,2)
(109,3,1,5)
(50,37,1,1)
(83,30,2,1)
(112,98,4,1)
(112,88,1,1)
(7,67,4,1)
(146,70,1,1)
(69,88,4,1)
(19,35,1,1)
(77,47,1,1)
(11,74,2,1)
(97,9,2,1)
(87,77,1,2)
(45,88,1,2)
(77,10,1,1)
(135,13,1,5)
(145,47,1,5)
(89,40,1,1)
(5,67,1,2)
(145,11,4,1)
(11,86,4,1)
(38,35,3,1)
(25,6,2,1)
(75,79,3,1)
(37,59,3,1)
(49,83,3,1)
(88,36,3,1)
(39,78,1,5)
(89,14,1,1)
(13,30,1,2)
(10,45,3,1)
(105,83,1,3)
(106,46,1,3)
(59,2,4,1)
(46,54,1,3)
(133,8,5,1)
(51,65,1,1)
(24,66,1,5)
(72,20,4,1)
(75,6,1,3)
(67,40,1,5)
(36,22,2,1)
(53,91,5,1)
(91,4,2,1)
(94,64,5,1)
(102,36,4,1)
(60,8,1,4)
(49,14,1,1)
(72,1,1,1)
(134,0,3,1)
(148,80,1,1)
(99,26,3,1)
(77,88,1,5)
(84,75,1,5)
(9,58,1,2)
(88,68,1,3)
(13,28,1,1)
(34,35,1,1)
(86,70,2,1)
(116,40,1,4)
(60,80,1,5)
(4,50,2,1)
(100,70,5,1)
(68,62,1,2)
(27,93,1,1)
(17,1,1,1)
(87,28,2,1)
(112,72,1,1)
(130,7,4,1)
(21,51,2,1)
(19,94,5,1)
(11,59,2,1)
(138,3,1,1)
(55,52,2,1)
(14,44,1,1)
(101,96,5,1)
(116,78,1,3)
(21,80,4,1)
(10,12,1,1)
(11,71,1,5)
(55,56,5,1)
(147,59,1,2)
(135,34,1,2)
(57,80,2,1)
(141,84,2,1)
(126,21,2,1)
(47,74,1,2)
(102,57,1,5)
(69,80,1,1)
(102,33,5,1)
(110,78,1,3)
(103,57,4,1)
(141,59,1,2)
(57,79,2,1)
(72,81,4,1)
(47,59,1,2)
(84,25,4,1)
(136,7,1,2)
(73,46,1,2)
(32,36,1,4)
(144,38,1,1)
(88,77,1,3)
(98,11,1,3)
(130,32,1,4)
(13,6,5,1)
(15,65,4,1)
(103,31,2,1)
(5,33,5,1)
(31,31,1,1)
(114,19,3,1)
(62,49,1,1)
(127,83,1,5)
(48,36,1,1)
(90,53,1,4)
(8,21,1,1)
(69,78,1,3)
(72,34,1,2)
(98,67,1,3)
(101,53,1,3)
(2,78,5,1)
(79,62,3,1)
(27,1,1,1)
(139,70,1,4)
(62,30,1,4)
(137,19,1,1)
(139,35,1,1)
(76,37,3,1)
(9,81,1,2)
(126,93,1,4)
(111,24,2,1)
(33,93,1,3)
(60,65,2,1)
(98,98,4,1)
(60,79,1,1)
(46,97,4,1)
(80,38,1,4)
(93,2,3,1)
(24,44,1,4)
(86,60,1,2)
(10,6,3,1)
(126,33,1,3)
(48,91,1,5)
(19,72,4,1)
(132,56,1,1)
(52,53,1,3)
(100,29,1,2)
(99,27,1,3)
(60,31,1,1)
(114,43,2,1)
(143,38,1,3)
(23,39,3,1)
(47,65,1,4)
(8,9,1,5)
(89,52,1,3)
(1,92,2,1)
(116,25,1,1)
(69,76,1,1)
(25,17,4,1)
(61,28,1,5)
(147,87,1,4)
(53,43,4,1)
(95,68,1,3)
(23,83,1,2)
(31,18,1,5)
(9,74,2,1)
(66,44,3,1)
(28,23,1,1)
(67,62,4,1)
(4,82,1,3)
(49,21,2,1)
(81,39,1,2)
(85,41,1,1)
(57,77,1,1)
(138,45,2,1)
(91,28,4,1)
(17,11,4,1)
(89,72,3,1)
(12,35,2,1)
(114,85,4,1)
(73,81,2,1)
(8,68,2,1)
(64,95,1,3)
(13,91,1,5)
(21,19,3,1)
(127,10,1,1)
(38,81,4,1)
(24,5,1,2)
(133,86,5,1)
(119,8,1,1)
(100,32,1,2)
(94,20,1,4)
(120,22,1,1)
(138,48,2,1)
(27,70,3,1)
(136,11,1,3)
(85,51,1,5)
(4,79,1,5)
(131,17,1,5)
(38,37,1,5)
(78,16,1,1)
(59,94,1,4)
(58,9,1,5)
(92,31,1,1)
(98,16,1,1)
(147,41,3,1)
(100,47,1,4)
(135,35,5,1)
(108,46,1,4)
(106,0,1,4)
(105,89,1,2)
(147,38,1,2)
(148,79,1,5)
(99,49,1,4)
(17,78,5,1)
(104,19,1,5)
(12,78,3,1)
(1,75,4,1)
(123,96,2,1)
(128,5,1,1)
(104,76,3,1)
(114,65,2,1)
(82,16,1,3)
(100,79,1,1)
(62,57,5,1)
(97,42,2,1)
(76,65,1,3)
(110,66,5,1)
(55,81,3,1)
(147,81,1,5)
(54,48,1,2)
(125,75,1,1)
(73,50,3,1)
(114,95,1,1)
(108,11,1,1)
(11,10,1,2)
(68,47,1,5)
(94,53,1,3)
(44,28,1,2)
(6,64,2,1)
(122,48,5,1)
(5,63,1,2)
(123,33,1,2)
(23,61,1,1)
(137,14,3,1)
(56,21,5,1)
(60,61,3,1)
(76,34,1,5)
(114,4,1,5)
(126,40,1,3)
(21,47,1,1)
(99,7,1,4)
(54,62,1,1)
(124,99,5,1)
(83,54,4,1)
(131,13,4,1)
(132,65,2,1)
(88,67,4,1)
(84,89,1,1)
(18,12,1,5)
(121,63,1,4)
(86,93,1,5)
(116,17,1,5)
(49,32,1,1)
(91,61,4,1)
(35,4,2,1)
(87,1,1,1)
(89,42,2,1)
(26,4,2,1)
(16,67,1,3)
(19,61,1,5)
(145,95,1,1)
(128,75,5,1)
(96,94,1,3)
(18,68,1,1)
(100,90,1,1)
(122,21,2,1)
(95,92,3,1)
(149,0,1,3)
(129,38,1,5)
(89,76,1,5)
(4,53,5,1)
(29,88,5,1)
(59,18,1,3)
(67,61,4,1)
(3,88,5,1)
(143,75,5,1)
(80,49,4,1)
(113,19,1,1)
(139,94,2,1)
(44,31,1,2)
(134,37,4,1)
(60,83,1,1)
(64,5,1,2)
(137,68,1,3)
(42,28,1,1)
(46,1,3,1)
(98,79,3,1)
(121,52,1,3)
(79,97,1,1)
(72,19,1,2)
(35,91,1,5)
(89,52,1,5)
(121,36,1,1)
(15,82,1,4)
(92,0,4,1)
(24,57,1,1)
(31,8,1,2)
(137,17,4,1)
(19,0,1,3)
(49,29,3,1)
(104,50,5,1)
(106,25,3,1)
(27,81,1,2)
(67,85,1,4)
(90,90,4,1)
(145,26,3,1)
(78,11,1,3)
(115,34,3,1)
(107,13,1,1)
(110,69,1,5)
(12,56,2,1)
(89,92,1,1)
(51,31,1,3)
(149,46,1,2)
(96,84,1,4)
(134,38,1,2)
(50,10,5,1)
(144,55,3,1)
(49,27,1,3)
(140,39,1,2)
(85,46,1,2)
(101,40,1,1)
(110,82,1,1)
(110,87,1,5)
(68,36,2,1)
(62,59,1,3)
(56,28,1,5)
(66,69,1,1)
(77,40,1,2)
(134,55,1,4)
(79,5,1,4)
(58,90,1,4)
(104,69,1,1)
(133,53,2,1)
(148,60,1,1)
(3,82,1,1)
(14,67,3,1)
(28,35,1,1)
(138,0,1,1)
(26,69,2,1)
(67,92,2,1)
(49,34,4,1)
(58,7,1,2)
(88,91,5,1)
(124,41,1,1)
(34,38,1,1)
(49,38,1,2)
(116,82,3,1)
(137,85,1,1)
(50,88,1,1)
(130,49,3,1)
(114,77,1,4)
(26,5,2,1)
(142,85,1,5)
(128,61,1,1)
(81,68,5,1)
(73,1,1,3)
(143,49,3,1)
(75,9,3,1)
(144,18,4,1)
(10,8,4,1)
(10,75,1,2)
(102,81,1,1)
(136,80,1,3)
(30,89,3,1)
(80,47,1,3)
(148,47,1,1)
(63,74,5,1)
(112,80,1,2)
(54,23,1,1)
(133,75,1,1)
(14,79,1,1)
(51,56,3,1)
(80,0,1,1)
(105,70,1,3)
(135,93,1,5)
(76,8,1,2)
(93,58,4,1)
(33,31,1,2)
(108,6,1,3)
(103,35,3,1)
(111,70,5,1)
(89,6,1,4)
(47,7,1,3)
(111,87,1,2)
(27,7,1,5)
(9,25,1,1)
(29,8,1,2)
(25,19,1,1)
(1,16,1,2)
(39,54,5,1)
(141,42,5,1)
(59,26,1,2)
(51,38,4,1)
(37,71,1,1)
(146,84,1,3)
(24,34,1,2)
(54,10,1,1)
(91,97,1,2)
(76,23,1,5)
(3,40,5,1)
(90,54,4,1)
(139,32,2,1)
(55,57,1,2)
(30,49,2,1)
(20,65,3,1)
(142,26,2,1)
(64,68,1,1)
(72,18,4,1)
(61,89,1,1)
(29,29,1,5)
(31,2,2,1)
(13,1,4,1)
(63,1,1,2)
(46,36,1,3)
(11,65,1,5)
(63,79,5,1)
(16,31,1,4)
(3,26,4,1)
(49,69,5,1)
(140,97,2,1)
(132,70,2,1)
(103,63,1,3)
(72,93,1,4)
(95,5,2,1)
(84,2,1,1)
(103,28,1,2)
(102,55,2,1)
(17,49,1,1)
(96,66,3,1)
(146,21,1,5)
(79,62,5,1)
(73,23,4,1)
(72,25,1,2)
(41,88,3,1)
(11,31,1,1)
(90,5,1,4)
(123,20,1,2)
(52,42,3,1)
(126,4,1,4)
(125,16,5,1)
(102,22,1,2)
(39,19,2,1)
(123,29,1,5)
(1,64,5,1)
(84,57,1,5)
(116,34,3,1)
(107,91,4,1)
(54,78,1,5)
(24,40,1,2)
(16,43,1,3)
(93,25,3,1)
(56,51,1,1)
(82,68,1,3)
(80,41,1,3)
(138,4,4,1)
(124,45,2,1)
(142,46,5,1)
(45,9,1,3)
(70,83,1,5)
(5,53,4,1)
(55,5,1,1)
(3,82,1,1)
(4,75,1,1)
(21,61,5,1)
(105,24,1,1)
(146,8,1,4)
(68,73,2,1)
(128,11,3,1)
(147,44,3,1)
(94,68,1,3)
(102,0,5,1)
(16,39,1,2)
(132,86,2,1)
(50,15,4,1)
(9,22,2,1)
(47,35,4,1)
(100,2,1,1)
(74,92,5,1)
(61,18,5,1)
(19,88,1,3)
(63,47,1,4)
(128,11,1,4)
(83,67,1,4)
(15,78,4,1)
(69,95,1,1)
(42,60,4,1)
(45,45,1,2)
(129,74,1,2)
(60,89,1,3)
(75,62,3,1)
(92,61,1,1)
(70,7,3,1)
(104,3,4,1)
(89,5,1,1)
(61,56,1,1)
(37,55,3,1)
(62,39,2,1)
(24,80,3,1)
(74,86,3,1)
(116,66,2,1)
(66,57,1,1)
(45,32,3,1)
(93,41,2,1)
(56,64,4,1)
(49,9,3,1)
(37,80,1,3)
(79,24,4,1)
(68,5,1,4)
(21,50,1,1)
(133,92,1,1)
(1,28,1,1)
(142,13,4,1)
(111,18,1,5)
(64,17,4,1)
(101,41,4,1)
(137,82,2,1)
(29,55,5,1)
(1,34,1,1)
(67,82,1,2)
(99,27,1,4)
(49,34,1,3)
(116,70,3,1)
(60,27,1,5)
(40,15,1,1)
(2,64,1,2)
(14,13,4,1)
(86,34,2,1)
(96,79,1,1)
(83,76,1,5)
(76,34,1,4)
(71,58,1,1)
(66,28,1,3)
(31,27,1,1)
(104,72,3,1)
(114,25,1,3)
(89,63,4,1)
(97,21,2,1)
(77,96,3,1)
(10,86,1,5)
(23,65,2,1)
(74,70,1,1)
(56,81,1,1)
(100,10,1,2)
(87,19,1,3)
(16,57,1,5)
(110,99,1,1)
(111,94,2,1)
(42,18,1,1)
(3,53,1,1)
(75,35,2,1)
(66,73,1,1)
(59,33,1,5)
(97,53,1,5)
(118,81,1,3)
(106,74,1,2)
(116,4,1,5)
(56,46,1,1)
(106,33,1,1)
(26,20,1,5)
(61,31,1,2)
(116,18,1,1)
(67,51,4,1)
(76,73,3,1)
(124,69,1,2)
(73,58,1,1)
(17,83,1,3)
(91,49,1,5)
(129,96,5,1)
(62,0,1,2)
(133,87,1,2)
(100,75,1,1)
(115,76,2,1)
(122,6,4,1)
(130,36,1,2)
(29,49,1,4)
(141,33,1,3)
(67,3,5,1)
(9,26,1,2)
(95,13,1,1)
(7,34,2,1)
(39,25,1,3)
(46,53,1,1)
(88,4,4,1)
(133,91,1,5)
(82,33,1,1)
(47,93,1,5)
(72,5,4,1)
(111,8,4,1)
(8,19,1,1)
(76,6,2,1)
(119,92,1,1)
(80,25,1,5)
(146,85,4,1)
(1,19,4,1)
(71,86,1,1)
(11,68,1,3)
(103,94,1,3)
(45,3,4,1)
(84,74,1,1)
(140,63,3,1)
(1,36,3,1)
(12,19,3,1)
(9,3,1,2)
(4,97,1,1)
(90,17,1,1)
(84,54,1,5)
(144,60,1,4)
(51,21,1,3)
(63,80,1,1)
(93,54,1,5)
(15,22,1,4)
(131,31,1,3)
(9,80,4,1)
(53,6,1,2)
(44,81,1,1)
(33,24,1,4)
(52,64,1,1)
(94,61,1,3)
(129,73,1,3)
(85,22,1,1)
(16,70,2,1)
(4,28,5,1)
(143,23,4,1)
(148,50,2,1)
(59,63,1,4)
(108,1,2,1)
(114,71,1,5)
(80,40,1,4)
(75,29,1,1)
(23,83,1,2)
(101,87,1,5)
(67,11,2,1)
(7,15,1,2)
(100,73,1,5)
(83,42,1,5)
(18,5,1,2)
(51,34,1,1)
(52,3,5,1)
(46,2,5,1)
(14,23,3,1)
(47,70,1,5)
(34,30,5,1)
(43,68,1,2)
(62,99,1,1)
(7,66,1,5)
(140,22,1,4)
(84,71,1,4)
(102,86,1,1)
(50,95,1,2)
(66,65,1,1)
(114,68,1,4)
(93,67,1,2)
(71,96,1,1)
(94,10,5,1)
(47,74,1,3)
(2,2,3,1)
(28,30,5,1)
(85,68,1,5)
(127,96,1,3)
(91,36,1,5)
(99,97,5,1)
(60,54,1,2)
(65,39,1,2)
(82,94,1,3)
(92,76,4,1)
(140,58,3,1)
(29,10,1,1)
(141,71,5,1)
(99,79,1,1)
(29,9,3,1)
(58,71,1,1)
(64,55,1,4)
(20,29,1,1)
(88,83,4,1)
(1,73,1,1)
(142,25,1,3)
(53,19,4,1)
(116,24,1,5)
(96,97,1,3)
(31,81,3,1)
(99,17,1,3)
(8,24,1,4)
(69,47,1,2)
(60,77,1,4)
(138,83,4,1)
(124,67,1,1)
(119,45,2,1)
(110,42,2,1)
(88,16,4,1)
(64,21,1,1)
(12,37,1,2)
(124,30,1,5)
(132,60,3,1)
(143,66,5,1)
(13,99,1,1)
(18,29,1,4)
(11,32,1,1)
(124,26,3,1)
(10,27,2,1)
(47,91,1,1)
(139,9,1,2)
(147,58,1,1)
(142,81,1,5)
(53,91,1,4)
(134,88,5,1)
(17,49,2,1)
(20,87,3,1)
(53,97,5,1)
(86,13,1,2)
(66,13,3,1)
(100,90,5,1)
(33,96,5,1)
(86,41,1,1)
(103,82,2,1)
(36,13,4,1)
(118,3,1,1)
(84,88,4,1)
(113,96,4,1)
(24,90,1,4)
(54,76,5,1)
(19,34,2,1)
(52,93,1,3)
(145,59,1,1)
(91,37,4,1)
(53,30,1,2)
(148,12,1,1)
(80,78,3,1)
(40,37,1,2)
(130,33,2,1)
(133,89,5,1)
(33,50,1,1)
(38,6,1,2)
(37,5,5,1)
(33,83,1,3)
(144,71,1,2)
(70,31,3,1)
(145,42,2,1)
(98,10,4,1)
(40,77,1,3)
(40,96,2,1)
(15,87,1,1)
(14,8,1,5)
(132,93,5,1)
(100,97,1,1)
(24,28,2,1)
(7,64,5,1)
(118,7,1,3)
(7,3,5,1)
(111,77,1,4)
(7,93,1,5)
(67,10,4,1)
(53,51,4,1)
(33,84,1,3)
(53,80,3,1)
(2,3,1,5)
(111,28,1,4)
(35,70,1,3)
(131,76,1,1)
(68,96,1,1)
(102,53,1,2)
(25,31,1,1)
(118,7,4,1)
(79,66,1,1)
(31,98,5,1)
(98,41,1,1)
(49,69,1,3)
(20,35,5,1)
(129,44,3,1)
(81,30,1,1)
(12,57,3,1)
(107,13,2,1)
(81,45,1,3)
(52,94,1,4)
(30,39,3,1)
(71,52,1,4)
(16,11,1,3)
(71,8,3,1)
(109,98,1,1)
(115,15,1,3)
(21,10,1,1)
(24,74,1,1)
(51,24,1,5)
(60,5,4,1)
(35,25,1,1)
(59,54,1,1)
(110,4,1,3)
(129,67,1,3)
(133,42,1,1)
(16,86,1,1)
(95,35,4,1)
(108,85,3,1)
(33,10,5,1)
(132,96,1,4)
(121,44,5,1)
(89,87,1,1)
(66,87,1,2)
(11,80,1,1)
(67,10,1,1)
(104,3,1,5)
(123,2,3,1)
(60,73,3,1)
(72,28,1,2)
(89,24,2,1)
(67,44,1,1)
(121,83,2,1)
(145,73,4,1)
(112,62,5,1)
(106,94,1,1)
(42,81,1,1)
(138,81,1,4)
(46,89,1,2)
(38,37,4,1)
(111,33,1,1)
(80,32,2,1)
(3,62,1,3)
(66,35,4,1)
(19,79,5,1)
(63,33,1,1)
(89,27,1,1)
(4,8,3,1)
(20,8,1,4)
(116,50,4,1)
(36,77,3,1)
(101,34,1,4)
(126,97,1,2)
(125,45,1,5)
(1,94,3,1)
(103,43,4,1)
(109,68,5,1)
(1,15,1,4)
(0,54,1,1)
(54,61,4,1)
(19,12,3,1)
(85,38,4,1)
(74,2,1,1)
(110,76,1,2)
(15,13,3,1)
(78,14,2,1)
(80,94,5,1)
(140,42,1,4)
(23,83,1,1)
(49,40,1,4)
(52,66,1,2)
(98,19,1,1)
(103,29,3,1)
(96,47,2,1)
(35,19,4,1)
(115,10,1,1)
(121,25,1,1)
(88,29,2,1)
(133,35,1,4)
(21,66,1,5)
(18,79,3,1)
(88,31,1,5)
(35,37,4,1)
(86,80,1,5)
(108,43,2,1)
(144,34,4,1)
(15,45,1,1)
(69,76,4,1)
(79,68,3,1)
(67,85,4,1)
(59,91,1,5)
(87,12,1,5)
(41,84,5,1)
(102,94,4,1)
(119,1,1,1)
(23,19,1,5)
(4,33,1,5)
(9,24,1,3)
(117,5,1,3)
(125,28,3,1)
(110,40,3,1)
(63,79,1,4)
(87,83,5,1)
(130,98,1,1)
(0,92,4,1)
(128,12,1,3)
(2,23,1,3)
(98,98,1,1)
(42,36,4,1)
(117,70,3,1)
(5,25,4,1)
(98,46,1,1)
(92,51,1,3)
(76,98,1,1)
(47,26,1,1)
(47,23,1,4)
(25,50,1,4)
(48,31,1,1)
(123,66,3,1)
(0,92,1,1)
(71,99,1,1)
(107,30,1,5)
(106,64,1,3)
(111,57,1,2)
(15,13,5,1)
(11,40,5,1)
(130,71,4,1)
(14,68,1,5)
(124,7,3,1)
(58,95,1,3)
(77,24,1,3)
(60,5,1,2)
(128,62,3,1)
(94,65,3,1)
(136,63,4,1)
(17,24,3,1)
(84,56,1,1)
(84,17,1,2)
(86,13,5,1)
(88,25,3,1)
(68,40,1,5)
(138,17,3,1)
(4,56,2,1)
(114,84,3,1)
(33,43,3,1)
(31,88,1,4)
(98,25,1,3)
(52,33,5,1)
(121,19,1,1)
(146,96,3,1)
(46,7,5,1)
(46,71,5,1)
(124,0,5,1)
(149,40,1,3)
(78,14,3,1)
(89,50,4,1)
(4,42,2,1)
(83,7,1,5)
(33,43,2,1)
(100,2,1,5)
(76,69,1,5)
(142,35,1,1)
(133,25,1,3)
(127,87,3,1)
(125,36,3,1)
(27,0,1,4)
(48,21,1,1)
(133,20,1,5)
(101,21,1,3)
(75,49,1,1)
(109,59,1,5)
(87,53,1,1)
(80,28,1,1)
(93,32,2,1)
(21,8,1,1)
(143,57,1,4)
(121,40,1,2)
(68,37,1,1)
(12,79,1,5)
(55,88,1,5)
(20,23,4,1)
(79,80,1,5)
(79,11,1,1)
(117,90,1,1)
(45,0,1,3)
(28,61,1,1)
(23,50,4,1)
(77,53,1,2)
(14,81,1,4)
(10,49,4,1)
(117,13,1,1)
(7,4,5,1)
(13,83,4,1)
(147,81,2,1)
(126,46,2,1)
(139,63,1,1)
(19,82,3,1)
(45,46,4,1)
(81,97,4,1)
(127,76,1,2)
(40,72,2,1)
(26,71,1,1)
(112,93,2,1)
(45,63,3,1)
(108,93,3,1)
(57,9,1,1)
(127,6,1,3)
(55,59,1,4)
(127,56,1,1)
(31,64,3,1)
(53,40,3,1)
(52,44,2,1)
(46,56,3,1)
(145,79,1,1)
(47,46,1,1)
(64,20,1,1)
(143,87,3,1)
(108,17,3,1)
(44,21,3,1)
(122,26,1,5)
(95,67,1,3)
(30,55,2,1)
(122,47,1,4)
(115,76,1,3)
(13,7,1,1)
(135,59,1,3)
(41,23,1,5)
(26,44,1,2)
(93,53,1,1)
(28,52,1,5)
(43,22,1,5)
(121,54,1,2)
(111,79,1,4)
(142,40,3,1)
(109,14,1,1)
(22,30,1,4)
(45,20,5,1)
(79,65,1,1)
(127,35,1,1)
(16,57,3,1)
(122,66,2,1)
(49,1,1,2)
(62,97,2,1)
(148,40,1,5)
(62,77,1,5)
(125,35,1,4)
(118,36,1,1)
(133,54,4,1)
(124,16,1,5)
(107,41,1,1)
(97,47,1,2)
(18,26,1,3)
(30,66,1,5)
(135,58,1,1)
(34,47,1,1)
(72,7,2,1)
(110,79,1,1)
(91,16,1,1)
(72,64,1,2)
(108,29,4,1)
(57,1,1,1)
(35,20,1,1)
(58,34,3,1)
(64,95,5,1)
(2,46,2,1)
(10,2,5,1)
(58,24,1,3)
(133,7,1,3)
(124,48,5,1)
(134,26,3,1)
(89,39,1,4)
(141,12,1,4)
(53,56,1,2)
(10,69,1,2)
(121,48,3,1)
(142,71,1,5)
(123,28,5,1)
(99,70,5,1)
(148,32,1,3)
(90,59,1,3)
(127,53,5,1)
(88,36,1,1)
(65,92,1,4)
(23,88,3,1)
(10,95,1,2)
(45,48,3,1)
(57,35,5,1)
(96,54,1,5)
(135,65,1,2)
(82,7,3,1)
(122,36,5,1)
(96,64,4,1)
(132,86,1,1)
(120,99,1,1)
(79,13,1,3)
(52,13,1,5)
(72,5,1,2)
(134,77,1,2)
(146,43,1,1)
(94,64,1,4)
(83,21,1,1)
(0,37,1,1)
(137,88,1,5)
(113,49,2,1)
(105,51,3,1)
(25,71,1,4)
(53,51,5,1)
(105,16,1,5)
(101,56,4,1)
(105,69,2,1)
(128,26,1,5)
(21,92,1,4)
(51,61,1,3)
(125,19,2,1)
(114,76,1,5)
(63,83,1,5)
(31,16,1,3)
(142,56,4,1)
(132,44,5,1)
(41,91,2,1)
(97,15,1,5)
(51,55,3,1)
(138,76,1,1)
(132,12,1,4)
(69,48,1,2)
(109,16,3,1)
(14,83,1,1)
(28,24,1,4)
(149,83,1,1)
(139,23,1,3)
(56,10,2,1)
(120,30,1,2)
(31,10,3,1)
(83,55,1,1)
(125,87,1,4)
(116,23,1,1)
(36,62,1,1)
(89,13,5,1)
(101,84,1,1)
(51,43,1,5)
(95,50,5,1)
(42,35,5,1)
(103,28,1,4)
(133,32,2,1)
(107,73,3,1)
(69,27,4,1)
(80,61,2,1)
(117,69,1,1)
(149,50,1,1)
(35,50,2,1)
(18,25,4,1)
(41,43,1,4)
(101,45,1,2)
(64,29,1,1)
(13,57,1,4)
(135,48,1,2)
(27,76,2,1)
(84,62,1,2)
(70,90,1,5)
(100,61,1,5)
(53,0,1,3)
(15,59,1,2)
(94,46,2,1)
(108,69,1,1)
(77,43,5,1)
(28,27,1,3)
(129,37,5,1)
(106,6,1,5)
(149,45,1,1)
(15,74,1,1)
(55,52,1,4)
(116,39,1,2)
(109,8,1,2)
(116,62,2,1)
(47,1,1,4)
(100,12,1,5)
(95,55,1,1)
(113,27,1,1)
(5,33,4,1)
(29,3,1,5)
(118,67,5,1)
(136,20,1,4)
(122,71,3,1)
(70,64,1,4)
(143,41,3,1)
(100,39,2,1)
(120,92,1,1)
(35,50,1,4)
(43,57,1,4)
(97,49,4,1)
(123,38,1,2)
(6,48,2,1)
(37,20,1,1)
(62,44,1,1)
(126,4,2,1)
(27,87,1,1)
(130,51,2,1)
(78,74,5,1)
(9,20,1,5)
(110,82,1,1)
(11,29,1,1)
(5,46,1,1)
(131,75,1,4)
(114,23,4,1)
(19,18,3,1)
(75,21,1,2)
(143,90,1,3)
(121,28,1,2)
(140,25,1,1)
(54,99,2,1)
(46,95,1,3)
(113,38,1,5)
(56,3,3,1)
(147,35,1,4)
(18,15,1,1)
(11,30,1,4)
(36,91,1,5)
(98,52,1,3)
(51,70,1,1)
(143,84,1,3)
(119,1,1,2)
(124,24,1,2)
(47,53,1,1)
(60,31,2,1)
(61,50,2,1)
(69,18,1,4)
(29,53,1,4)
(58,91,1,4)
(17,95,2,1)
(73,25,1,2)
(81,10,5,1)
(103,51,5,1)
(101,83,1,3)
(95,12,3,1)
(135,38,1,4)
(33,33,1,3)
(124,34,4,1)
(15,80,1,1)
(39,56,1,4)
(30,55,1,5)
(56,90,1,3)
(31,18,1,5)
(43,89,3,1)
(56,54,1,1)
(72,12,3,1)
(25,28,3,1)
(53,42,1,1)
(102,36,2,1)
(101,40,1,5)
(8,47,1,2)
(4,3,2,1)
(136,71,1,2)
(29,26,1,3)
(102,17,4,1)
(68,53,1,1)
(94,86,1,2)
(148,41,1,3)
(117,7,1,2)
(40,3,3,1)
(90,75,1,3)
(62,64,1,3)
(45,63,1,4)
(99,34,1,5)
(18,48,5,1)
(19,6,5,1)
(11,16,1,5)
(41,97,1,3)
(131,62,1,3)
(126,55,1,5)
(89,90,4,1)
(44,38,2,1)
(16,77,4,1)
(105,75,1,4)
(17,9,1,1)
(43,53,1,1)
(128,66,4,1)
(13,18,1,3)
(96,11,1,4)
(73,45,3,1)
(140,50,1,4)
(65,11,1,1)
(94,47,1,1)
(134,52,1,5)
(33,53,1,1)
(1,8,1,3)
(47,3,1,2)
(40,17,1,3)
(81,70,1,1)
(120,53,1,4)
(99,2,3,1)
(6,35,1,1)
(145,14,2,1)
(8,90,2,1)
(40,97,2,1)
(82,92,1,3)
(25,9,1,3)
(57,98,1,1)
(136,58,3,1)
(34,51,4,1)
(93,93,1,5)
(46,70,1,4)
(106,63,1,2)
(48,4,1,5)
(103,75,4,1)
(110,18,1,2)
(19,98,2,1)
(143,95,1,5)
(137,80,1,2)
(75,67,1,5)
(136,61,4,1)
(132,64,1,1)
(45,89,1,5)
(109,6,1,1)
(38,71,1,2)
(125,65,1,5)
(26,17,1,5)
(112,15,1,1)
(97,3,4,1)
(75,83,3,1)
(5,13,1,4)
(139,51,1,3)
(141,71,1,3)
(136,54,1,1)
(21,71,1,1)
(39,5,1,1)
(69,38,1,5)
(7,31,4,1)
(80,83,1,2)
(53,77,1,1)
(31,41,2,1)
(3,2,5,1)
(9,45,5,1)
(56,44,1,1)
(10,58,1,3)
(103,39,4,1)
(91,29,1,3)
(21,65,1,4)
(25,82,1,5)
(143,80,1,2)
(111,9,2,1)
(114,10,1,1)
(74,78,2,1)
(72,79,3,1)
(81,62,1,4)
(77,18,1,3)
(83,69,1,3)
(118,0,4,1)
(113,6,1,5)
(103,83,4,1)
(4,24,5,1)
(60,71,1,1)
(99,35,1,1)
(36,23,1,5)
(52,27,1,1)
(49,17,1,1)
(133,94,1,5)
(116,35,1,4)
(142,84,1,3)
(6,75,1,1)
(47,47,4,1)
(126,29,2,1)
(35,26,1,1)
(58,17,1,1)
(114,28,3,1)
(77,27,3,1)
(25,22,3,1)
(49,43,1,2)
(95,75,2,1)
(110,22,1,4)
(88,83,5,1)
(53,17,4,1)
(28,46,1,5)
(136,1,5,1)
(135,60,1,5)
(11,86,1,2)
(7,38,1,1)
(7,9,1,4)
(136,32,5,1)
(143,58,1,5)
(105,4,3,1)
(18,66,2,1)
(133,53,1,1)
(53,2,1,3)
(99,98,1,1)
(121,11,1,1)
(38,10,2,1)
(145,7,5,1)
(53,32,1,1)
(40,23,1,1)
(2,8,1,1)
(74,81,5,1)
(140,54,1,5)
(62,91,1,1)
(47,10,1,4)
(59,15,5,1)
(34,73,5,1)
(121,30,1,3)
(23,53,3,1)
(40,57,5,1)
(86,51,1,2)
(38,91,3,1)
(74,45,2,1)
(22,69,5,1)
(105,8,1,1)
(125,69,1,3)
(140,13,1,5)
(123,8,3,1)
(30,41,1,5)
(101,82,4,1)
(48,41,5,1)
(26,50,2,1)
(90,81,1,5)
(109,4,1,4)
(146,83,1,5)
(40,35,5,1)
(129,40,1,3)
(5,42,1,1)
(32,53,1,5)
(102,19,1,2)
(22,8,1,3)
(132,48,1,1)
(12,18,3,1)
(87,80,2,1)
(41,91,1,3)
(144,15,1,2)
(147,16,3,1)
(20,22,1,2)
(45,33,5,1)
(69,44,1,2)
(49,59,1,3)
(88,74,1,1)
(118,15,3,1)
(99,19,1,1)
(38,85,1,1)
(24,1,5,1)
(85,90,1,1)
(149,29,1,3)
(3,95,3,1)
(104,44,1,1)
(61,84,1,1)
(142,96,1,2)
(121,57,1,3)
(47,25,3,1)
(8,22,1,4)
(104,75,5,1)
(39,67,1,4)
(140,45,1,4)
(144,47,4,1)
(82,40,1,2)
(46,33,5,1)
(28,80,1,4)
(2,62,1,5)
(126,8,1,3)
(60,32,1,2)
(147,56,1,1)
(36,78,2,1)
(90,35,1,3)
(46,3,3,1)
(75,53,1,3)
(124,66,1,3)
(12,32,1,4)
(13,41,1,5)
(12,91,1,4)
(40,43,1,5)
(65,57,1,2)
(32,52,5,1)
(66,55,3,1)
(135,70,1,3)
(135,27,4,1)
(16,56,3,1)
(84,81,1,2)
(35,93,3,1)
(37,37,1,2)
(111,20,1,2)
(24,58,1,4)
(65,53,1,3)
(3,49,1,1)
(130,69,1,1)
(86,31,1,3)
(131,97,1,1)
(23,41,3,1)
(38,70,5,1)
(24,54,2,1)
(75,75,3,1)
(99,56,1,1)
(32,94,1,4)
(118,27,2,1)
(99,17,1,1)
(113,25,1,1)
(75,24,5,1)
(7,5,1,5)
(117,94,1,2)
(40,13,1,5)
(44,79,5,1)
(115,80,1,2)
(90,96,1,4)
(142,40,1,2)
(100,96,1,2)
(0,1,1,2)
(57,61,1,1)
(107,23,1,2)
(56,86,3,1)
(111,38,1,1)
(81,1,5,1)
(18,5,1,4)
(111,5,2,1)
(42,33,1,3)
(72,58,1,5)
(46,34,1,2)
(41,18,1,3)
(14,78,1,2)
(113,58,1,2)
(68,59,4,1)
(0,18,3,1)
(3,31,3,1)
(47,52,2,1)
(6,51,5,1)
(12,38,1,1)
(137,68,1,5)
(83,63,3,1)
(140,7,2,1)
(93,83,2,1)
(132,56,4,1)
(41,38,1,4)
(47,69,3,1)
(54,6,1,2)
(30,21,1,1)
(117,93,3,1)
(92,66,1,2)
(104,48,4,1)
(123,14,4,1)
(16,99,3,1)
(106,1,2,1)
(36,25,1,1)
(99,14,1,3)
(117,91,1,5)
(99,48,5,1)
(109,67,1,4)
(122,64,2,1)
(101,9,2,1)
(67,8,3,1)
(54,97,1,3)
(101,32,1,1)
(51,28,3,1)
(77,73,4,1)
(57,69,1,1)
(12,61,1,3)
(87,52,1,2)
(45,13,1,1)
(18,9,5,1)
(123,37,4,1)
(10,71,4,1)
(107,26,1,3)
(52,20,3,1)
(17,60,1,4)
(25,95,4,1)
(112,4,1,3)
(43,26,1,2)
(59,81,1,1)
(131,80,4,1)
(49,77,4,1)
(21,55,1,2)
(122,90,1,1)
(58,98,1,2)
(57,29,2,1)
(73,38,1,3)
(33,10,1,2)
(111,33,1,4)
(94,86,1,5)
(111,63,1,2)
(89,11,1,1)
(74,36,1,2)
(18,51,1,1)
(29,32,1,2)
(27,62,1,2)
(118,55,2,1)
(44,29,1,2)
(74,18,1,4)
(48,79,4,1)
(113,35,1,1)
(93,22,3,1)
(76,69,1,1)
(142,75,1,4)
(61,11,1,1)
(22,84,1,1)
(59,64,1,5)
(120,1,1,4)
(22,40,4,1)
(113,18,1,2)
(56,85,2,1)
(115,83,4,1)
(127,52,2,1)
(42,66,2,1)
(87,59,1,3)
(137,95,1,5)
(61,43,1,5)
(35,51,4,1)
(127,69,5,1)
(1,63,1,1)
(133,50,1,1)
(34,42,2,1)
(20,89,1,5)
(77,81,2,1)
(87,44,5,1)
(74,92,1,3)
(127,56,2,1)
(87,91,1,4)
(128,42,3,1)
(148,48,1,4)
(56,16,1,1)
(130,60,1,4)
(49,55,1,5)
(82,29,1,5)
(62,48,4,1)
(5,90,4,1)
(147,97,2,1)
(26,21,1,3)
(72,92,5,1)
(34,13,1,1)
(97,48,1,3)
(38,17,1,3)
(46,58,5,1)
(54,81,2,1)
(101,78,1,1)
(75,80,1,3)
(91,91,1,4)
(65,57,1,3)
(109,57,2,1)
(79,93,4,1)
(143,49,1,1)
(89,1,1,3)
(93,79,5,1)
(18,93,5,1)
(114,90,2,1)
(57,42,4,1)
(106,60,1,5)
(117,27,4,1)
(86,11,1,3)
(104,56,5,1)
(42,41,4,1)
(127,59,1,2)
(6,8,1,2)
(88,34,2,1)
(87,50,2,1)
(66,6,5,1)
(100,10,1,4)
(33,72,2,1)
(117,38,5,1)
(111,37,1,5)
(134,67,4,1)
(89,13,1,1)
(4,43,5,1)
(74,24,1,2)
(9,90,1,2)
(22,60,1,1)
(144,51,4,1)
(37,20,2,1)
(7,16,1,1)
(101,57,1,5)
(101,28,2,1)
(72,36,4,1)
(86,21,5,1)
(20,4,1,4)
(148,28,1,1)
(22,31,5,1)
(38,2,5,1)
(114,63,1,1)
(52,46,2,1)
(80,60,2,1)
(93,48,2,1)
(38,39,3,1)
(52,14,1,3)
(28,41,1,4)
(22,98,5,1)
(112,37,1,3)
(12,24,1,1)
(130,89,1,2)
(27,97,1,1)
(9,67,1,3)
(67,77,1,2)
(17,23,5,1)
(23,47,5,1)
(92,10,1,5)
(2,28,4,1)
(35,95,2,1)
(65,96,5,1)
(19,68,5,1)
(43,13,1,3)
(81,57,3,1)
(8,35,1,3)
(7,87,1,3)
(2,31,1,2)
(113,58,1,5)
(123,34,5,1)
(11,77,1,1)
(31,60,4,1)
(100,59,1,1)
(148,6,1,1)
(145,28,5,1)
(15,32,1,4)
(126,20,4,1)
(80,9,1,3)
(62,29,4,1)
(46,8,1,4)
(142,90,1,1)
(34,38,1,1)
(132,88,1,1)
(9,18,1,5)
(120,67,1,5)
(115,41,2,1)
(140,2,1,2)
(37,83,1,1)
(42,57,1,4)
(11,43,4,1)
(137,9,1,1)
(56,48,1,1)
(33,2,1,5)
(62,16,3,1)
(106,12,1,1)
(8,42,1,3)
(11,13,1,3)
(15,81,1,1)
(52,17,1,1)
(141,54,1,5)
(47,67,1,1)
(1,77,1,2)
(122,26,1,5)
(138,89,1,4)
(124,2,1,3)
(146,24,1,2)
(65,5,1,5)
(107,83,1,4)
(107,19,1,2)
(105,75,3,1)
(31,8,2,1)
(72,14,5,1)
(56,28,4,1)
(86,92,5,1)
(65,19,1,5)
(51,79,4,1)
(88,60,3,1)
(42,91,1,3)
(125,75,1,4)
(88,58,2,1)
(11,86,1,2)
(112,78,4,1)
(108,55,1,1)
(79,47,1,2)
(105,10,1,1)
(64,86,5,1)
(86,8,4,1)
(72,38,1,1)
(143,8,5,1)
(98,64,2,1)
(102,99,4,1)
(51,89,3,1)
(132,63,1,3)
(75,3,4,1)
(27,55,1,4)
(86,31,1,1)
(44,6,1,3)
(2,78,2,1)
(33,96,5,1)
(89,56,1,4)
(19,32,1,1)
(43,85,3,1)
(31,26,5,1)
(80,28,1,1)
(90,94,1,1)
(106,77,1,5)
(95,35,1,5)
(86,3,1,5)
(87,67,1,1)
(142,78,1,3)
(55,13,1,1)
(92,94,1,1)
(143,59,3,1)
(102,57,1,5)
(14,77,5,1)
(28,7,1,2)
(115,17,3,1)
(9,56,5,1)
(99,70,1,5)
(109,25,5,1)
(139,75,1,3)
(30,96,1,4)
(130,31,1,1)
(100,37,1,1)
(140,81,3,1)
(20,8,1,1)
(95,49,1,3)
(90,46,1,3)
(127,98,5,1)
(37,6,5,1)
(128,11,1,3)
(147,21,1,3)
(112,68,1,1)
(37,86,1,4)
(21,40,1,3)
(51,62,1,5)
(81,50,1,3)
(44,64,1,2)
(19,14,3,1)
(21,8,2,1)
(137,8,1,1)
(19,71,1,1)
(46,37,5,1)
(147,62,1,1)
(78,8,1,1)
(128,73,1,4)
(26,90,5,1)
(88,94,5,1)
(68,56,2,1)
(130,25,1,2)
(87,93,1,3)
(82,7,1,4)
(81,65,1,1)
(84,81,5,1)
(56,2,1,3)
(114,3,1,2)
(55,64,1,4)
(51,8,2,1)
(131,25,4,1)
(36,76,1,5)
(91,79,4,1)
(7,10,1,2)
(33,37,1,3)
(100,16,1,5)
(45,48,1,1)
(102,70,5,1)
(120,27,1,4)
(27,39,1,3)
(50,25,1,2)
(9,24,1,3)
(51,44,5,1)
(56,48,1,1)
(107,34,1,5)
(29,82,3,1)
